 0.00000000e+00  4.00000000e+00 
 1.00000000e-14  1.50094100e+00 
 1.01806838e-14  1.49967999e+00 
 1.05420514e-14  1.49899737e+00 
 1.07489458e-14  1.74837155e+00 
 1.08805481e-14  1.50012797e+00 
 1.09075391e-14  9.99400978e-01 
 1.09189008e-14  1.53356287e+00 
 1.09416243e-14  1.53837189e+00 
 1.09441659e-14  1.00000008e+00 
 1.09492490e-14  2.99999950e+00 
 1.09594152e-14  1.54092005e+00 
 1.09797477e-14  1.49997133e+00 
 1.09854534e-14  1.00000234e+00 
 1.09968648e-14  1.51573820e+00 
 1.10196876e-14  1.53149625e+00 
 1.10218378e-14  1.50000000e+00 
 1.10261381e-14  9.99996887e-01 
 1.10273449e-14  1.50000007e+00 
 1.10297585e-14  1.50000022e+00 
 1.10345856e-14  1.24257957e+00 
 1.10442398e-14  1.33333790e+00 
 1.10635483e-14  9.99986758e-01 
 1.10689667e-14  1.51347859e+00 
 1.10798035e-14  1.49999594e+00 
 1.11014770e-14  1.49797615e+00 
 1.11448239e-14  2.00008683e+00 
 1.12315179e-14  2.00034304e+00 
 1.13372348e-14  2.49993083e+00 
 1.14634063e-14  1.14312411e+00 
 1.16242483e-14  1.65686415e-04 
 1.17386445e-14  1.66711444e+00 
 1.19101477e-14  1.39995968e+00 
 1.20266747e-14  2.00045242e+00 
 1.21385829e-14  1.50032239e+00 
 1.22430294e-14  1.49984866e+00 
 1.23448854e-14  1.50042864e+00 
 1.24214672e-14  1.50046030e+00 
 1.25093233e-14  1.50060115e+00 
 1.25761785e-14  1.66685768e+00 
 1.26552268e-14  1.50005935e+00 
 1.26754290e-14  1.57612582e+00 
 1.27158336e-14  1.52472795e+00 
 1.27966427e-14  1.58522805e+00 
 1.28961768e-14  1.49978497e+00 
 1.30058220e-14  1.49985414e+00 
 1.31705260e-14  1.25048532e+00 
 1.32586691e-14  2.50105662e+00 
 1.33252951e-14 -1.00037518e+00 
 1.34047006e-14  1.00009412e+00 
 1.34950358e-14  1.00025192e+00 
 1.35910161e-14  9.99694737e-01 
 1.36877441e-14  9.99760660e-01 
 1.37966538e-14  4.99749512e-01 
 1.38192822e-14  1.00001593e+00 
 1.38237809e-14  2.99999985e+00 
 1.38327782e-14  1.00002510e+00 
 1.38507728e-14  1.00006150e+00 
 1.38867620e-14  2.99967202e+00 
 1.38903945e-14 -4.83265829e+06 
 1.38918873e-14  2.04650268e+03 
 1.38927341e-14 -2.06800000e+03 
 1.38937281e-14 -2.07800140e+03 
 1.38948378e-14 -6.92999850e+02 
 1.38966675e-14 -1.04149987e+03 
 1.38994409e-14  2.09249802e+03 
 1.38997146e-14 -1.46884850e+12 
 1.38997966e-14 -1.39003595e+17 
 1.38997968e-14  1.32692691e+21 
